%YAML:1.0
---
cameraMatrix: !!opencv-matrix
   rows: 3
   cols: 3
   dt: d
   data: [ 7.6046958469837296e+02, 0., 6.3568165507920094e+02, 0.,
       7.6034934832534032e+02, 3.9032868210199450e+02, 0., 0., 1. ]
imageSize_width: 1280
imageSize_height: 720
sensorSize_width: 0
sensorSize_height: 0
distCoeffs: !!opencv-matrix
   rows: 1
   cols: 5
   dt: d
   data: [ -4.0064866490650081e-01, 1.8732812148051087e-01,
       -2.1186338368625927e-03, -1.1187329841997435e-03,
       -4.5612701443056736e-02 ]
reprojectionError: 1.7722788453102112e-01
features:
   - [ 5.32679016e+02, 4.39502289e+02, 5.32638184e+02, 4.60344513e+02,
       5.32533020e+02, 4.80666840e+02, 5.32464661e+02, 5.01480255e+02,
       5.53468933e+02, 4.39945953e+02, 5.53411133e+02, 4.60607330e+02,
       5.53090881e+02, 4.81505432e+02, 5.52692627e+02, 5.02016083e+02,
       5.74396729e+02, 4.40406158e+02, 5.74298645e+02, 4.61186981e+02,
       5.73814697e+02, 4.81846283e+02, 5.73651306e+02, 5.02443634e+02,
       5.95430176e+02, 4.40675140e+02, 5.94893860e+02, 4.61495239e+02,
       5.94704163e+02, 4.82294952e+02, 5.94539368e+02, 5.02797180e+02,
       6.16358948e+02, 4.40953400e+02, 6.16219543e+02, 4.61903595e+02,
       6.15526550e+02, 4.82553314e+02, 6.15483887e+02, 5.03307709e+02,
       6.37392029e+02, 4.41411407e+02, 6.36721252e+02, 4.62317017e+02,
       6.36580139e+02, 4.82706818e+02, 6.36306519e+02, 5.03498444e+02 ]
   - [ 5.32666077e+02, 4.39471161e+02, 5.32650513e+02, 4.60341858e+02,
       5.32494629e+02, 4.80692200e+02, 5.32495422e+02, 5.01504639e+02,
       5.53473450e+02, 4.40005096e+02, 5.53393860e+02, 4.60596222e+02,
       5.53102905e+02, 4.81487396e+02, 5.52718994e+02, 5.02128296e+02,
       5.74363770e+02, 4.40394867e+02, 5.74243286e+02, 4.61224823e+02,
       5.73691589e+02, 4.81819763e+02, 5.73627441e+02, 5.02464600e+02,
       5.95436951e+02, 4.40662811e+02, 5.94925537e+02, 4.61490845e+02,
       5.94732849e+02, 4.82347992e+02, 5.94532288e+02, 5.02719696e+02,
       6.16372498e+02, 4.40912445e+02, 6.16109741e+02, 4.61905853e+02,
       6.15520874e+02, 4.82510895e+02, 6.15504822e+02, 5.03346191e+02,
       6.37393860e+02, 4.41462982e+02, 6.36703613e+02, 4.62294006e+02,
       6.36544922e+02, 4.82736053e+02, 6.36265076e+02, 5.03494049e+02 ]
   - [ 6.05427917e+02, 3.84468933e+02, 6.04067505e+02, 4.18894379e+02,
       6.02369629e+02, 4.52563385e+02, 6.00899841e+02, 4.85567627e+02,
       6.41267090e+02, 3.85668823e+02, 6.39236328e+02, 4.20412964e+02,
       6.37272095e+02, 4.54232178e+02, 6.35270935e+02, 4.86898254e+02,
       6.76428223e+02, 3.87504883e+02, 6.74430725e+02, 4.21614899e+02,
       6.71697815e+02, 4.55537384e+02, 6.69513184e+02, 4.88242584e+02,
       7.11908997e+02, 3.89023224e+02, 7.08952576e+02, 4.22964111e+02,
       7.06357300e+02, 4.56573486e+02, 7.03363464e+02, 4.89067474e+02,
       7.46417725e+02, 3.90433197e+02, 7.43283142e+02, 4.24533905e+02,
       7.39718872e+02, 4.57499359e+02, 7.36633179e+02, 4.89744110e+02,
       7.79929871e+02, 3.91934723e+02, 7.76337952e+02, 4.25646667e+02,
       7.72860962e+02, 4.58368011e+02, 7.69165039e+02, 4.90367889e+02 ]
   - [ 6.48966858e+02, 4.73594940e+02, 6.45877319e+02, 5.08097382e+02,
       6.42680420e+02, 5.41669434e+02, 6.39944275e+02, 5.74388794e+02,
       6.84958984e+02, 4.75723511e+02, 6.81495911e+02, 5.10399750e+02,
       6.78205139e+02, 5.43984863e+02, 6.74539368e+02, 5.76295288e+02,
       7.20691589e+02, 4.78075592e+02, 7.16716309e+02, 5.12267517e+02,
       7.12951355e+02, 5.45605774e+02, 7.08876099e+02, 5.77897644e+02,
       7.56022034e+02, 4.80572113e+02, 7.51538513e+02, 5.14050598e+02,
       7.47216858e+02, 5.47052185e+02, 7.42507874e+02, 5.79406372e+02,
       7.90244141e+02, 4.81977478e+02, 7.85518616e+02, 5.15542236e+02,
       7.80606873e+02, 5.48288391e+02, 7.76053650e+02, 5.80013367e+02,
       8.23310608e+02, 4.83486267e+02, 8.18351135e+02, 5.16868591e+02,
       8.13469177e+02, 5.49181458e+02, 8.08240356e+02, 5.80525391e+02 ]
   - [ 4.98273804e+02, 1.72543274e+02, 4.93827667e+02, 2.11363815e+02,
       4.89775452e+02, 2.50950272e+02, 4.86327728e+02, 2.91373901e+02,
       5.37618225e+02, 1.76080368e+02, 5.33398193e+02, 2.14879837e+02,
       5.29693359e+02, 2.54282516e+02, 5.25790161e+02, 2.94342102e+02,
       5.77068604e+02, 1.80023819e+02, 5.72989197e+02, 2.18583618e+02,
       5.69226501e+02, 2.57818451e+02, 5.65729797e+02, 2.97499573e+02,
       6.16038574e+02, 1.84468079e+02, 6.12164185e+02, 2.22682343e+02,
       6.08666748e+02, 2.61593048e+02, 6.04828918e+02, 3.00993713e+02,
       6.54342346e+02, 1.88949005e+02, 6.50621765e+02, 2.27000565e+02,
       6.46962402e+02, 2.65643433e+02, 6.43667480e+02, 3.04574127e+02,
       6.91392334e+02, 1.94121658e+02, 6.88284973e+02, 2.31447876e+02,
       6.84717346e+02, 2.69614777e+02, 6.81083130e+02, 3.08134766e+02 ]
   - [ 8.09458313e+02, 1.96679504e+02, 8.10910217e+02, 2.31954346e+02,
       8.11884094e+02, 2.67470551e+02, 8.12681641e+02, 3.03238983e+02,
       8.43544067e+02, 1.97125687e+02, 8.45023438e+02, 2.32098862e+02,
       8.46215332e+02, 2.67419983e+02, 8.46901794e+02, 3.02699188e+02,
       8.77060547e+02, 1.97929977e+02, 8.78502869e+02, 2.32473694e+02,
       8.79604553e+02, 2.67557922e+02, 8.80198425e+02, 3.02616425e+02,
       9.09637817e+02, 1.98713440e+02, 9.10898254e+02, 2.33380417e+02,
       9.11735168e+02, 2.67861115e+02, 9.12496216e+02, 3.02638855e+02,
       9.40820007e+02, 2.00217575e+02, 9.42072083e+02, 2.34277512e+02,
       9.42772766e+02, 2.68313507e+02, 9.43380005e+02, 3.02760437e+02,
       9.70547119e+02, 2.01647461e+02, 9.72175171e+02, 2.35229050e+02,
       9.72724670e+02, 2.68827972e+02, 9.72959473e+02, 3.02811981e+02 ]
   - [ 7.32745605e+02, 3.72187256e+02, 7.32682800e+02, 4.06736115e+02,
       7.32446167e+02, 4.40512238e+02, 7.31996216e+02, 4.73582428e+02,
       7.66778076e+02, 3.70988403e+02, 7.66500061e+02, 4.05329346e+02,
       7.65791687e+02, 4.38931183e+02, 7.64903931e+02, 4.71721069e+02,
       8.00191589e+02, 3.70078979e+02, 7.99406616e+02, 4.03663086e+02,
       7.98544189e+02, 4.37280304e+02, 7.97411499e+02, 4.69689453e+02,
       8.32537537e+02, 3.68848572e+02, 8.31403198e+02, 4.02369080e+02,
       8.30252930e+02, 4.35231354e+02, 8.28680542e+02, 4.67485596e+02,
       8.63590576e+02, 3.68060669e+02, 8.62482544e+02, 4.00836365e+02,
       8.60562744e+02, 4.33426056e+02, 8.59017700e+02, 4.65234863e+02,
       8.93496216e+02, 3.66978302e+02, 8.92212097e+02, 3.99479187e+02,
       8.90214722e+02, 4.31673004e+02, 8.87833313e+02, 4.62779846e+02 ]
   - [ 4.81098999e+02, 3.39312988e+02, 4.77488434e+02, 3.75628113e+02,
       4.74358521e+02, 4.11686737e+02, 4.71429840e+02, 4.47208221e+02,
       5.17261841e+02, 3.43091461e+02, 5.13470947e+02, 3.79493469e+02,
       5.10095123e+02, 4.15780914e+02, 5.06545502e+02, 4.51302948e+02,
       5.53762573e+02, 3.47143341e+02, 5.49885010e+02, 3.83445343e+02,
       5.46102356e+02, 4.19554108e+02, 5.42579346e+02, 4.54848907e+02,
       5.90494812e+02, 3.51088593e+02, 5.86376648e+02, 3.87220581e+02,
       5.82410217e+02, 4.23239746e+02, 5.78485779e+02, 4.58519775e+02,
       6.27005554e+02, 3.54977997e+02, 6.22673035e+02, 3.91236450e+02,
       6.18290649e+02, 4.26685577e+02, 6.14289062e+02, 4.62072754e+02,
       6.63151123e+02, 3.58801910e+02, 6.58475403e+02, 3.94917480e+02,
       6.54304321e+02, 4.30513519e+02, 6.49527100e+02, 4.65275879e+02 ]
   - [ 1.07509558e+03, 3.60706329e+02, 1.07715405e+03, 3.88786682e+02,
       1.07857202e+03, 4.15723389e+02, 1.08163916e+03, 4.43372070e+02,
       1.09578076e+03, 3.54662140e+02, 1.09768616e+03, 3.81815155e+02,
       1.09905627e+03, 4.09405670e+02, 1.09999194e+03, 4.35160797e+02,
       1.11591663e+03, 3.48526489e+02, 1.11733130e+03, 3.75759888e+02,
       1.11893713e+03, 4.02228394e+02, 1.11928442e+03, 4.28343170e+02,
       1.13457788e+03, 3.43270660e+02, 1.13609351e+03, 3.69571350e+02,
       1.13690198e+03, 3.95591766e+02, 1.13781152e+03, 4.21307648e+02,
