%YAML:1.0
---
cameraMatrix: !!opencv-matrix
   rows: 3
   cols: 3
   dt: d
   data: [ 7.6226101060611336e+02, 0., 6.2447833875366860e+02, 0.,
       7.6400867589956488e+02, 3.6932847723560633e+02, 0., 0., 1. ]
imageSize_width: 1280
imageSize_height: 720
sensorSize_width: 0
sensorSize_height: 0
distCoeffs: !!opencv-matrix
   rows: 5
   cols: 1
   dt: d
   data: [ -4.1432523113456704e-01, 1.4417494669827893e-01,
       1.3633854835216651e-03, 1.7280961045829893e-03,
       1.6963514366989962e-01 ]
reprojectionError: 3.4971195459365845e-01
features:
   - [ 6.08228638e+02, 2.02535477e+02, 6.38889282e+02, 1.94652161e+02,
       6.71421143e+02, 1.86488251e+02, 7.05475220e+02, 1.78010452e+02,
       7.41577820e+02, 1.69428024e+02, 7.79692932e+02, 1.61228928e+02,
       8.19058044e+02, 1.52686768e+02, 8.59508362e+02, 1.44525330e+02,
       6.10117126e+02, 2.39447662e+02, 6.41051941e+02, 2.32454254e+02,
       6.73845276e+02, 2.25192459e+02, 7.08355408e+02, 2.17488480e+02,
       7.44853699e+02, 2.09748718e+02, 7.83516357e+02, 2.02242752e+02,
       8.23861755e+02, 1.94636292e+02, 8.65547729e+02, 1.87290771e+02,
       6.11714844e+02, 2.77305695e+02, 6.43232910e+02, 2.71331573e+02,
       6.76432373e+02, 2.65135803e+02, 7.11393311e+02, 2.58625488e+02,
       7.48365540e+02, 2.51993744e+02, 7.87491028e+02, 2.45354019e+02,
       8.28960022e+02, 2.38761734e+02, 8.71534424e+02, 2.32408966e+02,
       6.12496399e+02, 3.15595734e+02, 6.44593384e+02, 3.11065399e+02,
       6.78294128e+02, 3.06063812e+02, 7.14181641e+02, 3.00738434e+02,
       7.52008606e+02, 2.95384460e+02, 7.91638123e+02, 2.89805176e+02,
       8.33396790e+02, 2.84332947e+02, 8.76196289e+02, 2.78562500e+02,
       6.13338806e+02, 3.54753479e+02, 6.45611511e+02, 3.51423004e+02,
       6.79425171e+02, 3.47540894e+02, 7.15457642e+02, 3.43536469e+02,
       7.53854004e+02, 3.39347137e+02, 7.94052979e+02, 3.35079041e+02,
       8.35911804e+02, 3.30478485e+02, 8.79337830e+02, 3.25968567e+02 ]
   - [ 5.51246094e+02, 2.43373276e+02, 5.88270996e+02, 2.39824905e+02,
       6.26177002e+02, 2.36433243e+02, 6.64529358e+02, 2.33361908e+02,
       7.03422729e+02, 2.30480347e+02, 7.42275208e+02, 2.28113876e+02,
       7.80741638e+02, 2.25895584e+02, 8.18748657e+02, 2.24005615e+02,
       5.54314880e+02, 2.81020142e+02, 5.91325928e+02, 2.77752441e+02,
       6.29131165e+02, 2.74714386e+02, 6.67534912e+02, 2.71985199e+02,
       7.06537903e+02, 2.69274414e+02, 7.45408813e+02, 2.66799530e+02,
       7.84090332e+02, 2.64543457e+02, 8.22104980e+02, 2.62508209e+02,
       5.57440247e+02, 3.18892609e+02, 5.94511169e+02, 3.16147461e+02,
       6.32340027e+02, 3.13421722e+02, 6.70715515e+02, 3.10764801e+02,
       7.09568359e+02, 3.08323883e+02, 7.48368652e+02, 3.05823730e+02,
       7.87107605e+02, 3.03517822e+02, 8.24777954e+02, 3.01445618e+02,
       5.60374329e+02, 3.56574463e+02, 5.97521057e+02, 3.54294098e+02,
       6.35293945e+02, 3.51817902e+02, 6.73601440e+02, 3.49460022e+02,
       7.12397217e+02, 3.47113190e+02, 7.51097046e+02, 3.44681396e+02,
       7.89470886e+02, 3.42449158e+02, 8.27345215e+02, 3.40273010e+02,
       5.63470276e+02, 3.94382324e+02, 6.00452087e+02, 3.92298004e+02,
       6.38079590e+02, 3.90101227e+02, 6.76318542e+02, 3.87922974e+02,
       7.14845459e+02, 3.85696716e+02, 7.53499817e+02, 3.83445465e+02,
       7.91736633e+02, 3.81189178e+02, 8.29626221e+02, 3.78849701e+02 ]
   - [ 4.28368774e+02, 3.46229645e+02, 4.65910370e+02, 3.42589935e+02,
       5.03548645e+02, 3.39308136e+02, 5.41382019e+02, 3.36044830e+02,
       5.78589661e+02, 3.32756226e+02, 6.15134216e+02, 3.29872192e+02,
       6.50787537e+02, 3.26850830e+02, 6.85438965e+02, 3.24290588e+02,
       4.31536194e+02, 3.84265228e+02, 4.68757172e+02, 3.80643890e+02,
       5.06379181e+02, 3.77207703e+02, 5.43800110e+02, 3.73777069e+02,
       5.80951111e+02, 3.70465363e+02, 6.17415100e+02, 3.66925903e+02,
       6.52694519e+02, 3.63665894e+02, 6.87180115e+02, 3.60346588e+02,
       4.35280853e+02, 4.21756622e+02, 4.72313171e+02, 4.18223480e+02,
       5.09308838e+02, 4.14535126e+02, 5.46423096e+02, 4.10887848e+02,
       5.83433838e+02, 4.07437500e+02, 6.19472534e+02, 4.03612915e+02,
       6.54392334e+02, 3.99617493e+02, 6.88370850e+02, 3.95803467e+02,
       4.39325531e+02, 4.58556976e+02, 4.75738464e+02, 4.54926056e+02,
       5.12545898e+02, 4.51251831e+02, 5.49215210e+02, 4.47321045e+02,
       5.85616821e+02, 4.43345001e+02, 6.21359009e+02, 4.39257233e+02,
       6.55999878e+02, 4.34922668e+02, 6.89822205e+02, 4.30790771e+02,
       4.43535706e+02, 4.94777130e+02, 4.79662781e+02, 4.90807037e+02,
       5.16002930e+02, 4.87004089e+02, 5.52402222e+02, 4.83016693e+02,
       5.88404297e+02, 4.78668488e+02, 6.23578186e+02, 4.74463531e+02,
       6.58307800e+02, 4.69818207e+02, 6.91746826e+02, 4.65454681e+02 ]
   - [ 4.66163330e+02, 3.78940765e+02, 5.02479431e+02, 3.75539948e+02,
       5.39654236e+02, 3.72239349e+02, 5.77540466e+02, 3.68732605e+02,
       6.15755493e+02, 3.65360596e+02, 6.54147217e+02, 3.61799438e+02,
       6.92383362e+02, 3.58364471e+02, 7.30062744e+02, 3.54968292e+02,
       4.70703827e+02, 4.15602173e+02, 5.06711823e+02, 4.12658966e+02,
       5.43645508e+02, 4.09624115e+02, 5.81275635e+02, 4.06575226e+02,
       6.19316284e+02, 4.03309631e+02, 6.57410522e+02, 3.99763000e+02,
       6.95314819e+02, 3.96354370e+02, 7.32644531e+02, 3.92637970e+02,
       4.75507202e+02, 4.51726318e+02, 5.11321808e+02, 4.49175262e+02,
       5.47775269e+02, 4.46431976e+02, 5.85002380e+02, 4.43487335e+02,
       6.22726379e+02, 4.40499390e+02, 6.60505737e+02, 4.37168854e+02,
       6.97961853e+02, 4.33339783e+02, 7.34933777e+02, 4.29502747e+02,
       4.80346191e+02, 4.87253723e+02, 5.15664856e+02, 4.84773010e+02,
       5.51989380e+02, 4.82349426e+02, 5.88816345e+02, 4.79474762e+02,
       6.26172668e+02, 4.76429382e+02, 6.63359436e+02, 4.72958954e+02,
       7.00504089e+02, 4.69415344e+02, 7.37220154e+02, 4.65680115e+02,
       4.85130615e+02, 5.22020691e+02, 5.20312561e+02, 5.19645325e+02,
       5.56177734e+02, 5.17499329e+02, 5.92465210e+02, 5.14752258e+02,
       6.29433350e+02, 5.11781281e+02, 6.66348328e+02, 5.08479401e+02,
       7.03062866e+02, 5.05027039e+02, 7.39365173e+02, 5.01325317e+02 ]
   - [ 4.59633087e+02, 3.97928680e+02, 4.96408783e+02, 3.95599701e+02,
       5.34161133e+02, 3.93242004e+02, 5.72629211e+02, 3.90823334e+02,
       6.12075989e+02, 3.88364319e+02, 6.51451477e+02, 3.85651398e+02,
       6.91015198e+02, 3.83041901e+02, 7.30158936e+02, 3.80444855e+02,
       4.63847778e+02, 4.35312988e+02, 5.00227753e+02, 4.33561768e+02,
       5.37533081e+02, 4.31468323e+02, 5.75918274e+02, 4.29563812e+02,
       6.14837769e+02, 4.27335724e+02, 6.53989258e+02, 4.24712738e+02,
       6.93373291e+02, 4.22204926e+02, 7.32209290e+02, 4.19334412e+02,
       4.68242828e+02, 4.72123138e+02, 5.04285095e+02, 4.70615723e+02,
       5.41304504e+02, 4.69107391e+02, 5.79125366e+02, 4.67382446e+02,
       6.17782166e+02, 4.65477203e+02, 6.56562256e+02, 4.63126373e+02,
       6.95433289e+02, 4.60257477e+02, 7.33647034e+02, 4.57290100e+02,
       4.72409943e+02, 5.08103455e+02, 5.08228851e+02, 5.07021667e+02,
       5.44789856e+02, 5.05637970e+02, 5.82477600e+02, 5.04074707e+02,
       6.20566956e+02, 5.02157928e+02, 6.58992371e+02, 4.99846558e+02,
       6.97358154e+02, 4.97303741e+02, 7.35337585e+02, 4.94482727e+02,
       4.76624756e+02, 5.43292297e+02, 5.12277100e+02, 5.42299622e+02,
       5.48429871e+02, 5.41403259e+02, 5.85528931e+02, 5.39972046e+02,
       6.23320557e+02, 5.38272461e+02, 6.61241516e+02, 5.36226624e+02,
       6.99104675e+02, 5.33703979e+02, 7.36600708e+02, 5.30950806e+02 ]
   - [ 5.06611450e+02, 2.19646988e+02, 5.48620300e+02, 2.19386810e+02,
       5.90745667e+02, 2.19426102e+02, 6.32447510e+02, 2.19687103e+02,
       6.73490601e+02, 2.20488800e+02, 7.12992981e+02, 2.21721497e+02,
       7.51418945e+02, 2.23250763e+02, 7.88347534e+02, 2.24681381e+02,
