%YAML:1.0
---
cameraMatrix: !!opencv-matrix
   rows: 3
   cols: 3
   dt: d
   data: [ 7.5418793381324178e+02, 0., 6.3077174619840832e+02, 0.,
       7.5671216007498106e+02, 3.6608039741988841e+02, 0., 0., 1. ]
imageSize_width: 1280
imageSize_height: 720
sensorSize_width: 0
sensorSize_height: 0
distCoeffs: !!opencv-matrix
   rows: 5
   cols: 1
   dt: d
   data: [ -3.8482543274428493e-01, 1.5447193859612804e-01,
       2.5178119974885063e-03, -3.2799425613610724e-04,
       -2.2021381753691009e-02 ]
reprojectionError: 3.6052849888801575e-01
features:
   - [ 7.41518860e+02, 2.52100403e+02, 7.87267151e+02, 2.43148651e+02,
       8.32444702e+02, 2.34536972e+02, 8.76631653e+02, 2.26551300e+02,
       9.19525635e+02, 2.18909302e+02, 9.60279785e+02, 2.12276123e+02,
       9.98907715e+02, 2.05885712e+02, 1.03549146e+03, 2.00405441e+02,
       7.51319336e+02, 2.98604736e+02, 7.96956360e+02, 2.89581573e+02,
       8.41871155e+02, 2.80884979e+02, 8.86295776e+02, 2.72511017e+02,
       9.28911926e+02, 2.64727142e+02, 9.69616516e+02, 2.57274994e+02,
       1.00822717e+03, 2.50414352e+02, 1.04441541e+03, 2.43910828e+02,
       7.60589172e+02, 3.45074738e+02, 8.05976318e+02, 3.36247192e+02,
       8.50862915e+02, 3.27285828e+02, 8.94762451e+02, 3.18791321e+02,
       9.37485535e+02, 3.10397919e+02, 9.77876160e+02, 3.02564026e+02,
       1.01590137e+03, 2.94856262e+02, 1.05170862e+03, 2.87771301e+02,
       7.69379944e+02, 3.91128784e+02, 8.14483459e+02, 3.81974548e+02,
       8.59056335e+02, 3.73321838e+02, 9.02429932e+02, 3.64373444e+02,
       9.44546021e+02, 3.55686127e+02, 9.84725342e+02, 3.47293243e+02,
       1.02252502e+03, 3.39082794e+02, 1.05846667e+03, 3.31265839e+02,
       7.77673523e+02, 4.36346863e+02, 8.22248535e+02, 4.27423706e+02,
       8.66443665e+02, 4.18453247e+02, 9.09530151e+02, 4.09490570e+02,
       9.51302185e+02, 4.00329681e+02, 9.91003662e+02, 3.91563599e+02,
       1.02876636e+03, 3.82657990e+02, 1.06438208e+03, 3.74394470e+02 ]
   - [ 7.46532776e+02, 1.63287582e+02, 7.94274292e+02, 1.63794754e+02,
       8.40980042e+02, 1.64860687e+02, 8.86635498e+02, 1.66778427e+02,
       9.30898682e+02, 1.69139496e+02, 9.72584961e+02, 1.72203735e+02,
       1.01241425e+03, 1.75518051e+02, 1.04961890e+03, 1.79404587e+02,
       7.47609863e+02, 2.10907043e+02, 7.95359924e+02, 2.11244537e+02,
       8.42237183e+02, 2.12257172e+02, 8.88014709e+02, 2.13610291e+02,
       9.32297791e+02, 2.15497559e+02, 9.74193726e+02, 2.17868164e+02,
       1.01368604e+03, 2.20542221e+02, 1.05096069e+03, 2.23564255e+02,
       7.48602722e+02, 2.58893921e+02, 7.96014954e+02, 2.59209778e+02,
       8.42659668e+02, 2.59869476e+02, 8.88366089e+02, 2.61086121e+02,
       9.32588501e+02, 2.62399353e+02, 9.74455627e+02, 2.64243256e+02,
       1.01356403e+03, 2.65964691e+02, 1.05057849e+03, 2.68155975e+02,
       7.48913574e+02, 3.06755493e+02, 7.96154358e+02, 3.06876404e+02,
       8.42563477e+02, 3.07507202e+02, 8.87685120e+02, 3.08172211e+02,
       9.31587708e+02, 3.09045380e+02, 9.73376038e+02, 3.10048798e+02,
       1.01258191e+03, 3.11247528e+02, 1.04962280e+03, 3.12443512e+02,
       7.48979004e+02, 3.54323486e+02, 7.95719666e+02, 3.54358398e+02,
       8.41853638e+02, 3.54569366e+02, 8.86820129e+02, 3.55053772e+02,
       9.30438721e+02, 3.55346252e+02, 9.71739929e+02, 3.55755005e+02,
       1.01117194e+03, 3.56260681e+02, 1.04815674e+03, 3.56579437e+02 ]
   - [ 7.04371582e+02, 2.65683777e+02, 7.69041260e+02, 2.54579742e+02,
       8.32227905e+02, 2.44242264e+02, 8.92843323e+02, 2.35123230e+02,
       9.50194641e+02, 2.26713730e+02, 1.00245868e+03, 2.19858261e+02,
       1.05052087e+03, 2.13766617e+02, 1.09410706e+03, 2.08788239e+02,
       7.16077026e+02, 3.31245331e+02, 7.80504761e+02, 3.19809937e+02,
       8.43247192e+02, 3.09085175e+02, 9.03529907e+02, 2.98847076e+02,
       9.60376892e+02, 2.89465942e+02, 1.01252521e+03, 2.80781464e+02,
       1.06009888e+03, 2.73134338e+02, 1.10303308e+03, 2.66165039e+02,
       7.27181030e+02, 3.95610382e+02, 7.90700745e+02, 3.84439941e+02,
       8.52617859e+02, 3.73100800e+02, 9.12211853e+02, 3.62265442e+02,
       9.68623108e+02, 3.51624115e+02, 1.02020184e+03, 3.41770172e+02,
       1.06668311e+03, 3.32170959e+02, 1.10884790e+03, 3.23429108e+02,
       7.37507690e+02, 4.58681610e+02, 7.99821045e+02, 4.47020966e+02,
       8.60788269e+02, 4.35532959e+02, 9.19044800e+02, 4.23622253e+02,
       9.74121216e+02, 4.12244934e+02, 1.02502197e+03, 4.00708771e+02,
       1.07123291e+03, 3.89780060e+02, 1.11357617e+03, 3.79475922e+02,
       7.46761841e+02, 5.18586304e+02, 8.07775696e+02, 5.07239288e+02,
       8.67536438e+02, 4.95368439e+02, 9.24786011e+02, 4.83231995e+02,
       9.78832520e+02, 4.70510223e+02, 1.02891736e+03, 4.58276520e+02,
       1.07483130e+03, 4.45888458e+02, 1.11664026e+03, 4.34363007e+02 ]
   - [ 7.39319702e+02, 2.81415833e+02, 7.80203552e+02, 2.75534271e+02,
       8.20472778e+02, 2.69842102e+02, 8.59666260e+02, 2.64690002e+02,
       8.97697815e+02, 2.59679474e+02, 9.33675903e+02, 2.55356049e+02,
       9.68294434e+02, 2.51139709e+02, 1.00075470e+03, 2.47493622e+02,
       7.45421692e+02, 3.23374847e+02, 7.86341553e+02, 3.17252747e+02,
       8.26302246e+02, 3.11459106e+02, 8.65513000e+02, 3.05790039e+02,
       9.03393982e+02, 3.00505615e+02, 9.39363831e+02, 2.95419739e+02,
       9.73580688e+02, 2.90616119e+02, 1.00603522e+03, 2.86258240e+02,
       7.51346558e+02, 3.65033417e+02, 7.91834473e+02, 3.58818604e+02,
       8.31592224e+02, 3.52711639e+02, 8.70488525e+02, 3.46789001e+02,
       9.08356628e+02, 3.40930023e+02, 9.44134705e+02, 3.35504395e+02,
       9.77811096e+02, 3.29974030e+02, 1.00986310e+03, 3.24882538e+02,
       7.56938232e+02, 4.06159393e+02, 7.97117249e+02, 3.99672852e+02,
       8.36574463e+02, 3.93494324e+02, 8.74908020e+02, 3.87102509e+02,
       9.12255493e+02, 3.80881531e+02, 9.47712402e+02, 3.74746368e+02,
       9.81393127e+02, 3.68850647e+02, 1.01349475e+03, 3.63270111e+02,
       7.62306702e+02, 4.46456482e+02, 8.01896729e+02, 4.40002319e+02,
       8.41144897e+02, 4.33387756e+02, 8.79081299e+02, 4.26811859e+02,
       9.15980713e+02, 4.20172119e+02, 9.51285583e+02, 4.13661896e+02,
       9.84950500e+02, 4.07344879e+02, 1.01666022e+03, 4.01051453e+02 ]
   - [ 5.85236694e+02, 2.73590332e+02, 6.43432312e+02, 2.61963257e+02,
       7.01908752e+02, 2.50679016e+02, 7.59904297e+02, 2.40318756e+02,
       8.16451172e+02, 2.30505615e+02, 8.70130737e+02, 2.21921280e+02,
       9.21136780e+02, 2.14075455e+02, 9.68634277e+02, 2.07418732e+02,
       5.96415222e+02, 3.31866394e+02, 6.54700439e+02, 3.20486237e+02,
       7.13115112e+02, 3.09392822e+02, 7.71132019e+02, 2.98433716e+02,
       8.27678345e+02, 2.88292389e+02, 8.81411804e+02, 2.78517212e+02,
       9.32181763e+02, 2.69677216e+02, 9.79481628e+02, 2.61605530e+02,
       6.07671387e+02, 3.90033142e+02, 6.65677979e+02, 3.79063690e+02,
       7.23811951e+02, 3.67815552e+02, 7.81598877e+02, 3.57028992e+02,
       8.37811523e+02, 3.46058929e+02, 8.91362000e+02, 3.35735321e+02,
       9.41476746e+02, 3.25601379e+02, 9.88086670e+02, 3.16428925e+02,
       6.18595337e+02, 4.47707855e+02, 6.76236633e+02, 4.36631256e+02,
       7.34174194e+02, 4.25801788e+02, 7.90966858e+02, 4.14378845e+02,
       8.46551147e+02, 4.03162201e+02, 8.99518982e+02, 3.91892303e+02,
       9.49229370e+02, 3.81062500e+02, 9.95904846e+02, 3.70478729e+02,
       6.29598694e+02, 5.03430206e+02, 6.86523254e+02, 4.93150330e+02,
       7.43495728e+02, 4.82117798e+02, 7.99794189e+02, 4.70985107e+02,
       8.54678650e+02, 4.58968445e+02, 9.06961060e+02, 4.47338013e+02,
       9.56515015e+02, 4.35397736e+02, 1.00262836e+03, 4.24102692e+02 ]
   - [ 4.64607269e+02, 2.44385666e+02, 5.35595337e+02, 2.27663666e+02,
       6.09758423e+02, 2.11449417e+02, 6.85383606e+02, 1.96367554e+02,
       7.60986450e+02, 1.82689972e+02, 8.33552979e+02, 1.71224564e+02,
       9.02349304e+02, 1.61543915e+02, 9.65599976e+02, 1.53855667e+02,
