%YAML:1.0
---
cameraMatrix: !!opencv-matrix
   rows: 3
   cols: 3
   dt: d
   data: [ 1.2350234864901242e+03, 0., 6.2404966143348997e+02, 0.,
       1.2282665016488481e+03, 3.5546188701634088e+02, 0., 0., 1. ]
imageSize_width: 1280
imageSize_height: 720
sensorSize_width: 0
sensorSize_height: 0
distCoeffs: !!opencv-matrix
   rows: 1
   cols: 5
   dt: d
   data: [ -8.5900158283748762e-01, 1.1910233475337169e+00,
       4.3755287789724239e-03, -9.2116562517959716e-03,
       -8.4315977829775246e-01 ]
reprojectionError: 4.1310986876487732e-01
features:
   - [ 5.51555115e+02, 2.44455627e+02, 5.46654114e+02, 2.77496277e+02,
       5.41929077e+02, 3.10373413e+02, 5.37486206e+02, 3.43399841e+02,
       5.84446411e+02, 2.48613663e+02, 5.79593018e+02, 2.81903992e+02,
       5.74758850e+02, 3.14926147e+02, 5.69960510e+02, 3.48085083e+02,
       6.17655518e+02, 2.53294662e+02, 6.16512939e+02, 2.90305237e+02,
       6.07908569e+02, 3.19742828e+02, 6.02880615e+02, 3.52859222e+02,
       6.51217041e+02, 2.58119904e+02, 6.46322876e+02, 2.91186890e+02,
       6.41227905e+02, 3.24543732e+02, 6.36271240e+02, 3.57913940e+02,
       6.84749573e+02, 2.62753571e+02, 6.79700012e+02, 2.96246765e+02,
       6.74533325e+02, 3.29516205e+02, 6.69531616e+02, 3.62671295e+02,
       7.18191406e+02, 2.68186859e+02, 7.13094055e+02, 3.01346436e+02,
       7.07839478e+02, 3.34591949e+02, 7.07008301e+02, 3.64480042e+02 ]
   - [ 5.95440186e+02, 2.64559265e+02, 5.92905518e+02, 2.97793701e+02,
       5.90287842e+02, 3.31355133e+02, 5.87967590e+02, 3.64482300e+02,
       6.25618713e+02, 2.66307770e+02, 6.22934753e+02, 3.00326721e+02,
       6.19903625e+02, 3.34276978e+02, 6.17340820e+02, 3.68376801e+02,
       6.56822083e+02, 2.68356964e+02, 6.54449768e+02, 3.03144836e+02,
       6.51151367e+02, 3.37743103e+02, 6.48238525e+02, 3.72325287e+02,
       6.89319153e+02, 2.70596130e+02, 6.86627319e+02, 3.05952057e+02,
       6.83713867e+02, 3.41523193e+02, 6.80169189e+02, 3.76526581e+02,
       7.22664978e+02, 2.73175018e+02, 7.19865784e+02, 3.09176422e+02,
       7.16730896e+02, 3.45194397e+02, 7.13390015e+02, 3.80606873e+02,
       7.57291748e+02, 2.75781525e+02, 7.54212280e+02, 3.12427582e+02,
       7.50826843e+02, 3.48603424e+02, 7.47270447e+02, 3.85193695e+02 ]
   - [ 3.25369186e+01, 2.31364120e+02, 2.67359715e+01, 2.66541687e+02,
       2.45239906e+01, 2.97922760e+02, 2.33303127e+01, 3.29311371e+02,
       5.33771286e+01, 2.35618896e+02, 5.03616867e+01, 2.66702362e+02,
       4.81418190e+01, 2.97933533e+02, 4.68912735e+01, 3.29465118e+02,
       7.76435547e+01, 2.35991974e+02, 7.47045441e+01, 2.66906921e+02,
       7.26288071e+01, 2.98255798e+02, 7.12771301e+01, 3.29497345e+02,
       1.02538750e+02, 2.36587814e+02, 9.97883835e+01, 2.67328857e+02,
       9.75392075e+01, 2.98378204e+02, 9.61939316e+01, 3.29658905e+02,
       1.28109741e+02, 2.37313477e+02, 1.25298561e+02, 2.67881622e+02,
       1.23133499e+02, 2.98781097e+02, 1.21722069e+02, 3.29807495e+02,
       1.53814499e+02, 2.38260605e+02, 1.51178848e+02, 2.68689240e+02,
       1.48967331e+02, 2.99405731e+02, 1.47637787e+02, 3.30140839e+02 ]
   - [ 4.56231415e+02, 4.31272278e+02, 4.59008118e+02, 4.60804504e+02,
       4.62386871e+02, 4.90591553e+02, 4.65915161e+02, 5.19654846e+02,
       4.85567169e+02, 4.28698029e+02, 4.88574738e+02, 4.58595154e+02,
       4.91606140e+02, 4.88498169e+02, 4.94822388e+02, 5.17597046e+02,
       5.15604736e+02, 4.26371185e+02, 5.18455750e+02, 4.56304840e+02,
       5.21366577e+02, 4.86205688e+02, 5.24485901e+02, 5.15427124e+02,
       5.45812622e+02, 4.23736359e+02, 5.48390259e+02, 4.53941498e+02,
       5.51412720e+02, 4.83539825e+02, 5.54218384e+02, 5.12679688e+02,
       5.76115601e+02, 4.21154877e+02, 5.78561401e+02, 4.51192413e+02,
       5.81293518e+02, 4.80752289e+02, 5.84273560e+02, 5.10231689e+02,
       6.06321899e+02, 4.18511658e+02, 6.08632629e+02, 4.48502228e+02,
       6.11380188e+02, 4.78249512e+02, 6.13657471e+02, 5.07505798e+02 ]
   - [ 7.72073914e+02, 4.76502289e+02, 7.74474976e+02, 5.03427307e+02,
       7.76421021e+02, 5.29897217e+02, 7.78263916e+02, 5.55613037e+02,
       7.99722900e+02, 4.73819031e+02, 8.01705994e+02, 5.00620544e+02,
       8.03554260e+02, 5.27449646e+02, 8.05301758e+02, 5.53365173e+02,
       8.27387878e+02, 4.70932648e+02, 8.29380554e+02, 4.98088135e+02,
       8.30703857e+02, 5.24577698e+02, 8.32217346e+02, 5.50631714e+02,
       8.54958435e+02, 4.68324310e+02, 8.56414124e+02, 4.95359039e+02,
       8.57649780e+02, 5.21765198e+02, 8.58825073e+02, 5.47917236e+02,
       8.81981873e+02, 4.65090393e+02, 8.83403992e+02, 4.92218445e+02,
       8.84493530e+02, 5.18675842e+02, 8.85325867e+02, 5.44763855e+02,
       9.08674927e+02, 4.61968567e+02, 9.09830078e+02, 4.88970459e+02,
       9.10854126e+02, 5.15739319e+02, 9.11320251e+02, 5.41493103e+02 ]
   - [ 4.27566956e+02, 1.81809250e+02, 4.26084412e+02, 2.10734680e+02,
       4.24970184e+02, 2.40309677e+02, 4.23946167e+02, 2.70288330e+02,
       4.55921875e+02, 1.83380081e+02, 4.54469910e+02, 2.11996902e+02,
       4.53507263e+02, 2.41007019e+02, 4.52615814e+02, 2.70666626e+02,
       4.84177979e+02, 1.84729477e+02, 4.82571259e+02, 2.13385071e+02,
       4.81722321e+02, 2.42148727e+02, 4.80959534e+02, 2.71422241e+02,
       5.11559021e+02, 1.86617493e+02, 5.10568481e+02, 2.14602768e+02,
       5.09479004e+02, 2.43422318e+02, 5.09029083e+02, 2.72162384e+02,
       5.38615173e+02, 1.88424469e+02, 5.37673645e+02, 2.16341293e+02,
       5.36613708e+02, 2.44540085e+02, 5.36225037e+02, 2.72924866e+02,
       5.64867676e+02, 1.90617493e+02, 5.64059387e+02, 2.17951080e+02,
       5.63350525e+02, 2.45809265e+02, 5.62656982e+02, 2.73942932e+02 ]
   - [ 2.39333664e+02, 1.97359085e+02, 2.38590454e+02, 2.23680862e+02,
       2.38425171e+02, 2.50468689e+02, 2.38545853e+02, 2.77850525e+02,
       2.60335876e+02, 1.92797974e+02, 2.59601135e+02, 2.19639374e+02,
       2.59216461e+02, 2.46852875e+02, 2.59367401e+02, 2.74852844e+02,
       2.81897888e+02, 1.88326889e+02, 2.81692017e+02, 2.15633743e+02,
       2.81318115e+02, 2.43200470e+02, 2.81446747e+02, 2.71392883e+02,
       3.04672455e+02, 1.83752838e+02, 3.04510681e+02, 2.11631027e+02,
       3.04402740e+02, 2.39627258e+02, 3.04554779e+02, 2.68201630e+02,
       3.28571198e+02, 1.79373413e+02, 3.28446655e+02, 2.07308334e+02,
       3.28671570e+02, 2.35999252e+02, 3.28731750e+02, 2.64974518e+02,
       3.53696472e+02, 1.74975311e+02, 3.53456848e+02, 2.03306244e+02,
       3.53444977e+02, 2.32229050e+02, 3.54507141e+02, 2.61713318e+02 ]
   - [ 4.22100800e+02, 4.43427521e+02, 4.23463440e+02, 4.76708679e+02,
       4.25164978e+02, 5.09493103e+02, 4.27063019e+02, 5.41607178e+02,
       4.55020599e+02, 4.43274048e+02, 4.56248077e+02, 4.76704498e+02,
       4.57475708e+02, 5.09742615e+02, 4.59191559e+02, 5.42188416e+02,
       4.88529907e+02, 4.43369202e+02, 4.89538177e+02, 4.76612915e+02,
       4.90613647e+02, 5.09744049e+02, 4.91925903e+02, 5.41905518e+02,
       5.22525269e+02, 4.43084290e+02, 5.23172424e+02, 4.76579102e+02,
       5.24116089e+02, 5.09506622e+02, 5.25098633e+02, 5.42044250e+02,
       5.56401184e+02, 4.42654755e+02, 5.57041138e+02, 4.76073975e+02,
       5.57650330e+02, 5.08978119e+02, 5.58476562e+02, 5.41438782e+02,
       5.90500732e+02, 4.42221527e+02, 5.90711426e+02, 4.75686157e+02,
       5.91249268e+02, 5.08449127e+02, 5.91594116e+02, 5.40514709e+02 ]
   - [ 9.58374329e+02, 2.52308090e+02, 9.86267639e+02, 2.57820801e+02,
       1.01332367e+03, 2.64066925e+02, 1.03998267e+03, 2.69704041e+02,
       9.62299194e+02, 2.22837418e+02, 9.89768677e+02, 2.28548218e+02,
       1.01703070e+03, 2.34462128e+02, 1.04376746e+03, 2.40602966e+02,
       9.65246094e+02, 1.93548019e+02, 9.93006165e+02, 1.99268387e+02,
       1.02040033e+03, 2.05315567e+02, 1.04709753e+03, 2.11382355e+02,
       9.68337585e+02, 1.64391174e+02, 9.95896423e+02, 1.70353165e+02,
       1.02320032e+03, 1.76144882e+02, 1.04985278e+03, 1.82571457e+02,
