%YAML:1.0
cameraMatrix: !!opencv-matrix
   rows: 3
   cols: 3
   dt: d
   data: [ 6.5549421407539676e+03, 0., 2.0882315625385322e+03, 0.,
       7.7991052527825486e+03, 2.0243425991927750e+03, 0., 0., 1. ]
imageSize_width: 4096
imageSize_height: 4096
sensorSize_width: 0
sensorSize_height: 0
distCoeffs: !!opencv-matrix
   rows: 5
   cols: 1
   dt: d
   data: [ 2.0388175525372804e-01, -1.0702394728117607e+01,
       5.2035877142729600e-02, -6.3342360705509804e-02,
       6.5874356114985858e+01 ]
reprojectionError: 2.3951563835144043e+00
features:
   - [ 1365., 819., 1621., 819., 1877., 819., 1493., 947., 1749., 947.,
       2005., 947., 1365., 1075., 1621., 1075., 1877., 1075., 1493.,
       1203., 1749., 1203., 2005., 1203., 1365., 1331., 1621., 1331.,
       1877., 1331. ]
   - [ 1365., 819., 1621., 819., 1877., 819., 1493., 947., 1749., 947.,
       2005., 947., 1365., 1075., 1621., 1075., 1877., 1075., 1493.,
       1203., 1749., 1203., 2005., 1203., 1365., 1331., 1621., 1331.,
       1877., 1331. ]
   - [ 1365., 819., 1621., 819., 1877., 819., 1493., 947., 1749., 947.,
       2005., 947., 1365., 1075., 1621., 1075., 1877., 1075., 1493.,
       1203., 1749., 1203., 2005., 1203., 1365., 1331., 1621., 1331.,
       1877., 1331. ]
   - [ 1365., 819., 1621., 819., 1877., 819., 1493., 947., 1749., 947.,
       2005., 947., 1365., 1075., 1621., 1075., 1877., 1075., 1493.,
       1203., 1749., 1203., 2005., 1203., 1365., 1331., 1621., 1331.,
       1877., 1331. ]
   - [ 1365., 819., 1621., 819., 1877., 819., 1493., 947., 1749., 947.,
       2005., 947., 1365., 1075., 1621., 1075., 1877., 1075., 1493.,
       1203., 1749., 1203., 2005., 1203., 1365., 1331., 1621., 1331.,
       1877., 1331. ]
   - [ 1.40887988e+03, 1.68666663e+03, 1.39959229e+03, 1.20644592e+03,
       1.39191724e+03, 7.42972839e+02, 1.61245300e+03, 1.43377698e+03,
       1.60235876e+03, 9.62083130e+02, 1.59092847e+03, 5.03782928e+02,
       1.82673120e+03, 1.66633289e+03, 1.81422705e+03, 1.18647888e+03,
       1.80236328e+03, 7.26517456e+02, 2.02687439e+03, 1.41743506e+03,
       2.01303052e+03, 9.47502075e+02, 1.99793469e+03, 4.96693054e+02,
       2.23790381e+03, 1.65095239e+03, 2.22396704e+03, 1.17507166e+03,
       2.20703564e+03, 7.19152527e+02 ]
   - [ 1.26900354e+03, 2.77898071e+02, 1.65675989e+03, 2.84863129e+02,
       2.03857324e+03, 2.88175446e+02, 1.46405469e+03, 4.97047211e+02,
       1.84724854e+03, 4.94250977e+02, 2.23017358e+03, 4.98755920e+02,
       1.26858411e+03, 7.11959961e+02, 1.65293433e+03, 7.04042358e+02,
       2.03861401e+03, 7.03915466e+02, 1.45623523e+03, 9.20629822e+02,
       1.84389966e+03, 9.16787781e+02, 2.23227002e+03, 9.21317688e+02,
       1.25794922e+03, 1.14368237e+03, 1.64685291e+03, 1.13689966e+03,
       2.03747473e+03, 1.13817822e+03 ]
