%YAML:1.0
---
cameraMatrix: !!opencv-matrix
   rows: 3
   cols: 3
   dt: d
   data: [ 7.7822529576129841e+02, 0., 6.3385184198984439e+02, 0.,
       7.7812214561503606e+02, 3.6700010368448352e+02, 0., 0., 1. ]
imageSize_width: 1280
imageSize_height: 720
sensorSize_width: 0
sensorSize_height: 0
distCoeffs: !!opencv-matrix
   rows: 5
   cols: 1
   dt: d
   data: [ -4.2821963157354503e-01, 7.6362547410693662e-02,
       1.7230363240630894e-03, -1.5060692987450457e-03,
       4.2776599562248796e-01 ]
reprojectionError: 2.6305514574050903e-01
features:
   - [ 4.50726013e+02, 2.70682892e+02, 4.81039429e+02, 2.73624115e+02,
       5.11811859e+02, 2.76519592e+02, 5.43414001e+02, 2.79847107e+02,
       5.75249451e+02, 2.83239716e+02, 6.07513794e+02, 2.86683136e+02,
       6.40265442e+02, 2.90331512e+02, 6.72437500e+02, 2.94225281e+02,
       4.46663727e+02, 3.02278229e+02, 4.76736206e+02, 3.05120697e+02,
       5.07626343e+02, 3.08451721e+02, 5.39278625e+02, 3.11932312e+02,
       5.70967102e+02, 3.15380005e+02, 6.03322754e+02, 3.18825653e+02,
       6.36135437e+02, 3.22620911e+02, 6.68467407e+02, 3.26470581e+02,
       4.42525024e+02, 3.33486542e+02, 4.72928711e+02, 3.37048370e+02,
       5.03492310e+02, 3.40447876e+02, 5.34634521e+02, 3.44033295e+02,
       5.66730652e+02, 3.47629913e+02, 5.99141418e+02, 3.51447784e+02,
       6.31685364e+02, 3.55083344e+02, 6.64494995e+02, 3.59162323e+02,
       4.38787323e+02, 3.65114594e+02, 4.68630768e+02, 3.68618256e+02,
       4.99455444e+02, 3.72353485e+02, 5.30809875e+02, 3.76299957e+02,
       5.62899536e+02, 3.80110413e+02, 5.95194763e+02, 3.83730225e+02,
       6.27782959e+02, 3.87695709e+02, 6.60142639e+02, 3.91448547e+02,
       4.35199463e+02, 3.96516907e+02, 4.64943604e+02, 4.00192596e+02,
       4.95448944e+02, 4.04193848e+02, 5.26880920e+02, 4.08149109e+02,
       5.58710022e+02, 4.12206543e+02, 5.91199585e+02, 4.16116943e+02,
       6.23489319e+02, 4.20029694e+02, 6.55911682e+02, 4.23816620e+02 ]
   - [ 3.43293610e+02, 4.18421356e+02, 3.71540680e+02, 4.16526093e+02,
       4.00632080e+02, 4.14513916e+02, 4.30372498e+02, 4.12593109e+02,
       4.60520264e+02, 4.10470428e+02, 4.91106537e+02, 4.08475433e+02,
       5.22130127e+02, 4.06227600e+02, 5.52846130e+02, 4.03862091e+02,
       3.46447815e+02, 4.48502258e+02, 3.74561890e+02, 4.46764862e+02,
       4.03420929e+02, 4.45161865e+02, 4.32939362e+02, 4.43457733e+02,
       4.63115417e+02, 4.41463867e+02, 4.93661407e+02, 4.39411621e+02,
       5.24545898e+02, 4.37050323e+02, 5.55271545e+02, 4.34682526e+02,
       3.49750854e+02, 4.78505585e+02, 3.77677399e+02, 4.77023041e+02,
       4.06458984e+02, 4.75547058e+02, 4.35986145e+02, 4.74082520e+02,
       4.65885773e+02, 4.72291443e+02, 4.96368591e+02, 4.70209534e+02,
       5.26969360e+02, 4.67827576e+02, 5.57786621e+02, 4.65545807e+02,
       3.53344208e+02, 5.07790192e+02, 3.81282837e+02, 5.06639191e+02,
       4.09668182e+02, 5.05520111e+02, 4.39181915e+02, 5.04012909e+02,
       4.68974701e+02, 5.02278351e+02, 4.99335144e+02, 5.00318542e+02,
       5.29844055e+02, 4.98166229e+02, 5.60317749e+02, 4.95707855e+02,
       3.57163239e+02, 5.36730042e+02, 3.84750458e+02, 5.35883850e+02,
       4.13369202e+02, 5.34699219e+02, 4.42521332e+02, 5.33429321e+02,
       4.72290283e+02, 5.31630432e+02, 5.02237671e+02, 5.29886169e+02,
       5.32523376e+02, 5.27635681e+02, 5.62786072e+02, 5.25473816e+02 ]
   - [ 3.88624268e+02, 1.85214432e+02, 4.16372711e+02, 1.82330887e+02,
       4.44508392e+02, 1.79681976e+02, 4.73494751e+02, 1.77077393e+02,
       5.02947235e+02, 1.74618027e+02, 5.32716492e+02, 1.72555191e+02,
       5.63356750e+02, 1.70771103e+02, 5.93856445e+02, 1.69138489e+02,
       3.88614014e+02, 2.13899323e+02, 4.16331207e+02, 2.11306808e+02,
       4.44506012e+02, 2.08750107e+02, 4.73537079e+02, 2.06453690e+02,
       5.03325958e+02, 2.04181015e+02, 5.33423645e+02, 2.02236313e+02,
       5.64280640e+02, 2.00442795e+02, 5.94833313e+02, 1.99016113e+02,
       3.88666534e+02, 2.43084885e+02, 4.16400543e+02, 2.40683838e+02,
       4.44592224e+02, 2.38458939e+02, 4.73729431e+02, 2.36270248e+02,
       5.03532135e+02, 2.34193924e+02, 5.34214294e+02, 2.32337128e+02,
       5.64806824e+02, 2.30637222e+02, 5.95774353e+02, 2.29367966e+02,
       3.89011871e+02, 2.72501801e+02, 4.16568298e+02, 2.70471252e+02,
       4.45025970e+02, 2.68432068e+02, 4.74467163e+02, 2.66420105e+02,
       5.04489929e+02, 2.64603943e+02, 5.34908813e+02, 2.62814026e+02,
       5.65674072e+02, 2.61468964e+02, 5.96745056e+02, 2.60124115e+02,
       3.89531067e+02, 3.02401062e+02, 4.17296204e+02, 3.00328491e+02,
       4.45624146e+02, 2.98544464e+02, 4.75168335e+02, 2.96789062e+02,
       5.05341461e+02, 2.95378052e+02, 5.35747253e+02, 2.93668854e+02,
       5.66722229e+02, 2.92372406e+02, 5.97951355e+02, 2.90915131e+02 ]
   - [ 6.08648010e+02, 2.29172440e+02, 6.41769531e+02, 2.24680405e+02,
       6.75392212e+02, 2.20444046e+02, 7.09188477e+02, 2.16357178e+02,
       7.43045410e+02, 2.12414139e+02, 7.76961609e+02, 2.08599823e+02,
       8.10609863e+02, 2.05440689e+02, 8.43628174e+02, 2.02369446e+02,
       6.12113220e+02, 2.62216919e+02, 6.45376160e+02, 2.57918945e+02,
       6.79000671e+02, 2.53800247e+02, 7.13114990e+02, 2.49634750e+02,
       7.47424438e+02, 2.45882004e+02, 7.81541931e+02, 2.42155609e+02,
       8.15454163e+02, 2.38770218e+02, 8.48693604e+02, 2.35639572e+02,
       6.15293701e+02, 2.95757874e+02, 6.48541870e+02, 2.91721588e+02,
       6.82606079e+02, 2.87604095e+02, 7.16918945e+02, 2.83691589e+02,
       7.51521606e+02, 2.79785248e+02, 7.85883850e+02, 2.76259033e+02,
       8.19992737e+02, 2.72725677e+02, 8.53501343e+02, 2.69624634e+02,
       6.18438110e+02, 3.29573975e+02, 6.52108032e+02, 3.25712402e+02,
       6.86377319e+02, 3.22069946e+02, 7.20775513e+02, 3.18315643e+02,
       7.55514526e+02, 3.14512085e+02, 7.90014282e+02, 3.10769836e+02,
       8.24297729e+02, 3.07481659e+02, 8.58005432e+02, 3.04152039e+02,
       6.21637573e+02, 3.63748962e+02, 6.55416687e+02, 3.60354614e+02,
       6.89598511e+02, 3.56577759e+02, 7.24436707e+02, 3.53080719e+02,
       7.59193054e+02, 3.49449615e+02, 7.93838257e+02, 3.45882904e+02,
       8.28348999e+02, 3.42343140e+02, 8.62179443e+02, 3.38778351e+02 ]
   - [ 5.73047913e+02, 4.21328552e+02, 6.06522156e+02, 4.19250366e+02,
       6.40118469e+02, 4.17442078e+02, 6.73748047e+02, 4.15320343e+02,
       7.07465210e+02, 4.13364746e+02, 7.40678650e+02, 4.11269684e+02,
       7.73576294e+02, 4.08854095e+02, 8.05599060e+02, 4.06804932e+02,
       5.75519714e+02, 4.54138062e+02, 6.08677734e+02, 4.52444092e+02,
       6.42085571e+02, 4.50506104e+02, 6.75557251e+02, 4.48523529e+02,
       7.08858826e+02, 4.46509674e+02, 7.42135559e+02, 4.44423462e+02,
       7.74648376e+02, 4.41953400e+02, 8.06557434e+02, 4.39451141e+02,
       5.77882690e+02, 4.86503418e+02, 6.10566956e+02, 4.84878632e+02,
       6.43913269e+02, 4.83327942e+02, 6.77264221e+02, 4.81381348e+02,
       7.10508423e+02, 4.79390503e+02, 7.43390869e+02, 4.77014252e+02,
       7.75646912e+02, 4.74426086e+02, 8.07388672e+02, 4.71729187e+02,
       5.80402832e+02, 5.18304688e+02, 6.12740601e+02, 5.16644653e+02,
       6.45666992e+02, 5.15291260e+02, 6.78689148e+02, 5.13403137e+02,
       7.11579529e+02, 5.11140442e+02, 7.44437317e+02, 5.08623077e+02,
       7.76449341e+02, 5.06252075e+02, 8.07764893e+02, 5.03357544e+02,
       5.82734863e+02, 5.49405457e+02, 6.14980164e+02, 5.47905640e+02,
       6.47491943e+02, 5.46403503e+02, 6.80358459e+02, 5.44524719e+02,
       7.12711853e+02, 5.42374512e+02, 7.45107422e+02, 5.39766296e+02,
       7.76783142e+02, 5.37001404e+02, 8.08314392e+02, 5.34216125e+02 ]
   - [ 3.17408325e+02, 3.76122101e+02, 3.48276825e+02, 3.72888428e+02,
       3.79358032e+02, 3.70193848e+02, 4.11011719e+02, 3.67303619e+02,
       4.43210907e+02, 3.64345093e+02, 4.75390167e+02, 3.61471649e+02,
       5.07551697e+02, 3.58536224e+02, 5.39452332e+02, 3.55768280e+02,
