%YAML:1.0
---
cameraMatrix: !!opencv-matrix
   rows: 3
   cols: 3
   dt: d
   data: [ 2.1766149984049163e+04, 0., 1.9730216748507246e+03, 0.,
       2.2121659697568059e+04, 1.7992689246098694e+03, 0., 0., 1. ]
imageSize_width: 4096
imageSize_height: 4096
sensorSize_width: 0
sensorSize_height: 0
distCoeffs: !!opencv-matrix
   rows: 5
   cols: 1
   dt: d
   data: [ -2.4031366138398264e-03, 7.9678602971752639e+02,
       2.1368655171403900e-01, 1.8491479911638315e-02,
       2.5137599603252684e+03 ]
reprojectionError: 1.6384437084197998e+00
features:
   - [ 1365., 819., 1621., 819., 1877., 819., 1493., 947., 1749., 947.,
       2005., 947., 1365., 1075., 1621., 1075., 1877., 1075., 1493.,
       1203., 1749., 1203., 2005., 1203., 1365., 1331., 1621., 1331.,
       1877., 1331. ]
   - [ 1365., 819., 1621., 819., 1877., 819., 1493., 947., 1749., 947.,
       2005., 947., 1365., 1075., 1621., 1075., 1877., 1075., 1493.,
       1203., 1749., 1203., 2005., 1203., 1365., 1331., 1621., 1331.,
       1877., 1331. ]
   - [ 1365., 819., 1621., 819., 1877., 819., 1493., 947., 1749., 947.,
       2005., 947., 1365., 1075., 1621., 1075., 1877., 1075., 1493.,
       1203., 1749., 1203., 2005., 1203., 1365., 1331., 1621., 1331.,
       1877., 1331. ]
   - [ 1.41737781e+03, 1.32192981e+03, 1.64529663e+03, 1.33139038e+03,
       1.87281213e+03, 1.34094824e+03, 1.52776111e+03, 1.44214917e+03,
       1.75618896e+03, 1.45153320e+03, 1.98453748e+03, 1.46110779e+03,
       1.40924060e+03, 1.55403699e+03, 1.63885657e+03, 1.56309436e+03,
       1.86798889e+03, 1.57249902e+03, 1.52059143e+03, 1.67583972e+03,
       1.75080383e+03, 1.68491541e+03, 1.98085486e+03, 1.69443225e+03,
       1.40117102e+03, 1.79000500e+03, 1.63274585e+03, 1.79858142e+03,
       1.86374854e+03, 1.80776697e+03 ]
   - [ 1.42569763e+03, 1.32020703e+03, 1.65269141e+03, 1.32662439e+03,
       1.87957532e+03, 1.33308435e+03, 1.53513696e+03, 1.43942639e+03,
       1.76260388e+03, 1.44583020e+03, 1.99058716e+03, 1.45232910e+03,
       1.41671069e+03, 1.55330261e+03, 1.64543762e+03, 1.55925171e+03,
       1.87368555e+03, 1.56570679e+03, 1.52751575e+03, 1.67384387e+03,
       1.75676855e+03, 1.67984802e+03, 1.98625903e+03, 1.68650061e+03,
       1.40827063e+03, 1.79020020e+03, 1.63924341e+03, 1.79529871e+03,
       1.86941541e+03, 1.80150159e+03 ]
   - [ 1.42588403e+03, 1.31986365e+03, 1.65263977e+03, 1.32679541e+03,
       1.87954565e+03, 1.33407397e+03, 1.53539758e+03, 1.43898340e+03,
       1.76279089e+03, 1.44605090e+03, 1.99074658e+03, 1.45353308e+03,
       1.41748083e+03, 1.55226831e+03, 1.64577588e+03, 1.55888025e+03,
       1.87402808e+03, 1.56615845e+03, 1.52815527e+03, 1.67287805e+03,
       1.75715759e+03, 1.67970044e+03, 1.98656323e+03, 1.68729358e+03,
       1.40958850e+03, 1.78841296e+03, 1.63976880e+03, 1.79450598e+03,
       1.86973267e+03, 1.80164233e+03 ]
   - [ 1.42420374e+03, 1.32005420e+03, 1.65117188e+03, 1.32623279e+03,
       1.88031213e+03, 1.33242920e+03, 1.53415588e+03, 1.44022620e+03,
       1.76170654e+03, 1.44681360e+03, 1.99224805e+03, 1.45368225e+03,
       1.41787085e+03, 1.55380237e+03, 1.64437952e+03, 1.56059668e+03,
       1.87307373e+03, 1.56784753e+03, 1.52796387e+03, 1.67399561e+03,
       1.75527966e+03, 1.68143298e+03, 1.98547827e+03, 1.68946704e+03,
       1.41197046e+03, 1.78735876e+03, 1.63854248e+03, 1.79467944e+03,
       1.86711292e+03, 1.80288354e+03 ]
   - [ 1.42644214e+03, 1.31994653e+03, 1.65372302e+03, 1.32652808e+03,
       1.88113684e+03, 1.33346570e+03, 1.53619775e+03, 1.43907166e+03,
       1.76399280e+03, 1.44557642e+03, 1.99227551e+03, 1.45263367e+03,
       1.41830029e+03, 1.55267493e+03, 1.64664307e+03, 1.55867712e+03,
       1.87523535e+03, 1.56530249e+03, 1.52897559e+03, 1.67291077e+03,
       1.75802197e+03, 1.67903210e+03, 1.98761694e+03, 1.68591333e+03,
       1.41086377e+03, 1.78841467e+03, 1.64053284e+03, 1.79395654e+03,
       1.87051160e+03, 1.80033301e+03 ]
   - [ 1.42011670e+03, 1.32544434e+03, 1.64770459e+03, 1.33119934e+03,
       1.87503589e+03, 1.33730798e+03, 1.53087732e+03, 1.44357434e+03,
       1.75888757e+03, 1.44935657e+03, 1.98703821e+03, 1.45565259e+03,
       1.41331934e+03, 1.55704309e+03, 1.64219922e+03, 1.56245630e+03,
       1.87094604e+03, 1.56841650e+03, 1.52487500e+03, 1.67667920e+03,
       1.75434119e+03, 1.68225830e+03, 1.98397681e+03, 1.68846252e+03,
       1.40673999e+03, 1.79212427e+03, 1.63715173e+03, 1.79724927e+03,
       1.86742981e+03, 1.80307007e+03 ]
   - [ 1.42516919e+03, 1.31821130e+03, 1.65359485e+03, 1.32521155e+03,
       1.88141858e+03, 1.33292505e+03, 1.53599500e+03, 1.43777930e+03,
       1.76469214e+03, 1.44469019e+03, 1.99287927e+03, 1.45259583e+03,
       1.41780774e+03, 1.55161328e+03, 1.64712317e+03, 1.55792078e+03,
       1.87631384e+03, 1.56501538e+03, 1.52897058e+03, 1.67246460e+03,
       1.75881653e+03, 1.67895276e+03, 1.98847986e+03, 1.68634192e+03,
       1.41046277e+03, 1.78807996e+03, 1.64069226e+03, 1.79419458e+03,
       1.87114258e+03, 1.80097864e+03 ]
   - [ 1.42036658e+03, 1.31497791e+03, 1.64945752e+03, 1.32235120e+03,
       1.87752844e+03, 1.33058667e+03, 1.53193982e+03, 1.43526306e+03,
       1.76106177e+03, 1.44266455e+03, 1.98916992e+03, 1.45105896e+03,
       1.41367322e+03, 1.54949622e+03, 1.64370288e+03, 1.55615479e+03,
       1.87293445e+03, 1.56371924e+03, 1.52558069e+03, 1.67099109e+03,
       1.75576660e+03, 1.67781543e+03, 1.98508276e+03, 1.68559314e+03,
       1.40682593e+03, 1.78706885e+03, 1.63780713e+03, 1.79325806e+03,
       1.86815015e+03, 1.80029834e+03 ]
   - [ 1.42088135e+03, 1.31777344e+03, 1.64862463e+03, 1.32472693e+03,
       1.87546960e+03, 1.33249670e+03, 1.53164233e+03, 1.43622363e+03,
       1.75944360e+03, 1.44335278e+03, 1.98660413e+03, 1.45144629e+03,
       1.41378674e+03, 1.54902161e+03, 1.64264172e+03, 1.55549304e+03,
       1.87071777e+03, 1.56294543e+03, 1.52501733e+03, 1.66896472e+03,
       1.75406885e+03, 1.67575708e+03, 1.98252441e+03, 1.68359937e+03,
       1.40648328e+03, 1.78381860e+03, 1.63662573e+03, 1.78991541e+03,
       1.86601648e+03, 1.79709644e+03 ]
