%YAML:1.0
---
Rotation_Vector: !!opencv-matrix
   rows: 3
   cols: 1
   dt: d
   data: [ -5.2419491479297621e-02, -2.1857042791592893e-01,
       1.2600779534968101e-02 ]
Translation_Vector: !!opencv-matrix
   rows: 3
   cols: 1
   dt: d
   data: [ 3.5996415342914304e+02, -7.1651585593170893e+01,
       7.8893252046027228e+03 ]
